3   2   14   
34   2   16   2   14   
2   16   2   14   
2   16   2   14   
2   16   83   74   83   14   
2   16   9   2   20   2   20   2   4   14   
2   16   2   14   
2   16   9   2   20   2   20   2   20   2   4   14   
2   16   2   14   

30   
2   20   2   20   2   5   2   14   
2   5   2   14   
2   5   2   14   
2   5   2   14   
2   5   2   14   
2   5   2   14   
2   5   2   14   
2   5   2   14   
2   5   15   74   15   14   

17   

2   51   15   14   
2   51   83   14   
2   51   15   14   

2   51   15   14   
2   51   83   14   
2   51   83   14   
2   51   84   14   

13   61   



























































